1000000000
0.0000119200
0.2003277638
0.1507622737
0.6985091992
0.8113871346
0.3334677032
0.0716474175
0.0338888336
0.0345462818
0.4235068101
0.5840611622
0.7910542019
0.2655331333
0.0526521980
0.0814203280
0.8067161265
0.0221386333
0.0117240873
0.5839295371
0.1017985493
0.6358175294
0.0459324529
0.8969922266
0.4170244498
0.2886845899
0.8024953506
0.1400595312
0.9958972620
0.6335534592
0.0678904173
0.3863889490
0.1608027675
0.3997073539
0.0722869077
0.1210287147
0.4998900264
0.9634879150
0.1519885119
0.5093176309
0.5563988859
0.3762321698
0.4963920553
0.1005882324
0.1473363780
0.9922415500
0.1106982308
0.9619590845
0.3473801160
0.4153283895
0.6646403441
0.1673465597
0.7275699043
0.3621227115
0.4186741563
0.5471488518
0.2535850387
0.7409501141
0.3671012614
0.3846942992
0.0922374971
0.3777571686
0.7683719215
0.7862958298
0.4858767693
0.5026237726
0.7523103879
0.4053294087
0.1381832416
0.4434140562
0.1123174380
0.7625605826
0.5850359688
0.4219865494
0.3917141743
0.8067880111
0.7073358508
0.4330817943
0.0762762751
0.1597613967
0.1729964168
0.2607387621
0.1909273807
0.0241659924
0.0484949809
0.3223120775
0.9587741025
0.1212459351
0.1047788260
0.5221417679
0.3532665146
0.3551481982
0.4665181631
0.5345847801
0.7816991160
0.9002467161
0.2884023377
0.6275855801
0.2815932713
0.4101614264
0.6326324580
// 省略
0.1105597216
0.1570027360
0.9654368310
0.4021365291
0.3022830775
0.9071669837
0.3288506727
0.1445531079
0.3710701539
0.0245658427
0.1539410660
0.2888402075
0.3720256195
0.8534022969
0.3483950398
0.7205119956
0.5313072569
0.5231941134
0.2326572237
0.3444040399
0.1225695964
0.5070431761
0.8720509864
0.0456356249
0.4771049755
0.2799557317
0.7696744107
0.3556886419
0.4666903126
0.4367048504
0.0502832554
0.3867219910
0.6663700213
0.3016508352
0.9418424021
0.3450613356
0.0407389513
0.4189520193
0.6482900423
0.5019557908
0.6545409417
0.4760713150
0.1828314811
0.5552184860
0.3358280327
0.1445531922
0.3724885513
0.0190586648
0.0275855494
0.6482278792
0.9801484088
0.9389065192
0.7366332435
0.3929236990
0.2819552992
0.8711230472
0.6794350833
0.0558752406
0.9472397822
0.6807850526
0.4232655383
0.0979084454
0.2742102407
0.1521546418
0.2007888843
0.2859767353
0.9806062699
0.0193398546
0.1846402007
0.9632500502
0.2001287369
0.8516513306
0.8562851398
0.0653782927
0.2852305607
0.0916173862
0.1480956995
0.0474516385
0.0077265948
0.4633762521
0.5641172413
0.6464029752
0.7683349027
0.1641200158
0.2711333629
0.2199604360
0.6331590960
0.5316965963
0.9749515754
0.4048694158
0.0219204753
0.3822738895
0.5325313399
0.2977797765
0.3685565790
0.4767387521
0.2714469009
0.4524618343
0.3498135528
0.6622087874
