100000000
0.000016808
0.282475250
0.622650075
0.984943659
0.144108932
0.470211273
0.101027545
0.457850880
0.458777925
0.007237712
0.823564441
0.115438167
0.784484494
0.074243043
0.114807988
0.137522505
0.441282329
0.016531730
0.823378841
0.143542613
0.896544304
0.474833171
0.264817711
0.998097159
0.817129562
0.131570935
0.197493100
0.404280280
0.893351817
0.505795337
0.954899099
0.636807828
0.563613513
0.101929268
0.580723812
0.704877634
0.358580981
0.624379151
0.128236582
0.784558822
0.530511968
0.110010675
0.551901395
0.617819338
0.399125487
0.156091746
0.356425230
0.899894093
0.585640195
0.937186358
0.646035003
0.025921155
0.510616709
0.590357945
0.771515669
0.357571491
0.044788126
0.927702198
0.952509532
0.130060904
0.942727724
0.083454668
0.108728551
0.685118025
0.118797804
0.060806855
0.571540978
0.194847409
0.035308231
0.158374934
0.075260300
0.824938982
0.595028636
0.962408015
0.137623867
0.997389815
0.020739066
0.107554537
0.635339427
0.654001671
0.777724117
0.269220095
0.034075630
0.478446503
0.864546519
0.351934197
0.581030107
0.557810406
0.146319454
0.908194300
0.500782189
0.657821124
0.753799506
0.102246884
0.269406754
0.816731568
0.884936717
0.807130339
0.578354439
0.892053145
// 省略
0.019794014
0.610972978
0.503508134
0.021100276
0.297520171
0.079566976
0.192798516
0.959301931
0.473277606
0.097278748
0.728845463
0.458957347
0.082337848
0.311165757
0.640180648
0.623062660
0.683847042
0.084739344
0.432479841
0.604009434
0.224302835
0.816892326
0.439312777
0.274009619
0.867672331
0.200365305
0.285305833
0.951618322
0.183879963
0.241553302
0.042237079
0.001928210
0.781077502
0.794986968
0.850186384
0.519313715
0.732049791
0.627006868
0.402157841
0.935779772
0.627864218
0.572215533
0.794675059
0.902899114
0.905942490
0.516355394
0.403672625
0.624950696
0.203813389
0.255195152
0.540059799
0.519132766
0.631285366
0.443913377
0.286882527
0.326788740
0.015612768
0.996693579
0.849480619
0.542423243
0.232308552
0.077508184
0.097903373
0.075423147
0.059902988
0.767155715
0.887230382
0.702052348
0.911601184
0.925706756
0.627370542
0.071975818
0.664263059
0.649218702
0.847259072
0.066626690
0.394221832
0.699262623
0.476371572
0.350919554
0.707794382
0.781202507
0.748462356
0.595080008
0.471295343
0.934084631
0.847878613
0.387312164
0.532589485
0.519616893
0.532595144
0.407689478
0.209684134
0.140558605
0.136445729
0.878299149
0.564152730
0.574614799
0.316949428
0.209575031
