10000000
0.00016808
0.82475252
0.22650090
0.84943668
0.44108942
0.70211277
0.01027546
0.57850893
0.58777938
0.07237730
0.23564449
0.15438177
0.84484510
0.74243043
0.14807989
0.37522515
0.41282342
0.16531730
0.23378849
0.43542614
0.96544312
0.74833184
0.64817722
0.98097177
0.17129579
0.31570945
0.97493101
0.04280293
0.93351825
0.05795351
0.54899117
0.36807843
0.63613518
0.01929269
0.80723826
0.04877641
0.58580993
0.24379166
0.28236601
0.84558829
0.30511973
0.10010694
0.51901409
0.17819353
0.99125499
0.56091747
0.56425242
0.99894110
0.85640200
0.37186367
0.46035018
0.25921164
0.10616714
0.90357950
0.71515676
0.57571494
0.44788135
0.27702216
0.52509550
0.30060905
0.42727742
0.83454677
0.08728561
0.85118031
0.18797823
0.60806864
0.71540983
0.94847410
0.35308249
0.58374935
0.75260309
0.24938990
0.95028641
0.62408033
0.37623877
0.97389824
0.20739084
0.07554538
0.35339442
0.54001686
0.77724133
0.69220097
0.34075630
0.78446516
0.64546536
0.51934209
0.81030121
0.57810420
0.46319473
0.08194318
0.00782194
0.57821130
0.53799513
0.02246894
0.69406765
0.16731585
0.84936725
0.07130356
0.78354444
0.92053153
// 省略
0.97582300
0.65467590
0.15239168
0.78877461
0.80524123
0.63724207
0.70625731
0.25461925
0.70180274
0.69175893
0.35027921
0.01294361
0.80628990
0.73988546
0.20503041
0.81673865
0.68431599
0.42809296
0.93551000
0.41669430
0.30947216
0.36362131
0.74407696
0.27457835
0.64047705
0.32976919
0.98188518
0.12003597
0.57092827
0.26746886
0.86931653
0.68957407
0.03227867
0.76750793
0.56778217
0.86299247
0.09756749
0.69311730
0.99190739
0.76462764
0.14436845
0.46907929
0.44263224
0.24091630
0.18063406
0.96453616
0.30217913
0.50770398
0.85191891
0.16273929
0.90236414
0.52461446
0.89348221
0.01157136
0.08673961
0.38821817
0.27696916
0.62275512
0.73362981
0.55991486
0.59397435
0.00836218
0.77743670
0.92826780
0.74893363
0.12069675
0.87953368
0.64646978
0.96173993
0.17215021
0.66437716
0.45029344
0.14211651
0.52287991
0.80998507
0.06186333
0.92029072
0.41932658
0.76745761
0.17532240
0.35198913
0.39614428
0.48672210
0.28168187
0.97744293
0.47789784
0.16521836
0.66593747
0.94919455
0.91495423
0.62828499
0.57193325
0.64738378
0.39523293
0.76391081
0.95281683
0.57298059
0.20251055
0.74898142
0.68508002
