1000000000
0.0000000007
0.0000000021
0.0000000035
0.0000000043
0.0000000050
0.0000000057
0.0000000078
0.0000000078
0.0000000085
0.0000000092
0.0000000099
0.0000000099
0.0000000106
0.0000000106
0.0000000113
0.0000000128
0.0000000128
0.0000000135
0.0000000135
0.0000000149
0.0000000156
0.0000000163
0.0000000163
0.0000000170
0.0000000184
0.0000000191
0.0000000206
0.0000000213
0.0000000220
0.0000000220
0.0000000234
0.0000000248
0.0000000269
0.0000000277
0.0000000284
0.0000000284
0.0000000298
0.0000000298
0.0000000305
0.0000000312
0.0000000326
0.0000000326
0.0000000333
0.0000000333
0.0000000348
0.0000000348
0.0000000355
0.0000000362
0.0000000369
0.0000000369
0.0000000383
0.0000000383
0.0000000390
0.0000000390
0.0000000397
0.0000000418
0.0000000440
0.0000000447
0.0000000447
0.0000000454
0.0000000454
0.0000000468
0.0000000468
0.0000000475
0.0000000482
0.0000000489
0.0000000496
0.0000000504
0.0000000511
0.0000000525
0.0000000532
0.0000000532
0.0000000539
0.0000000546
0.0000000546
0.0000000553
0.0000000560
0.0000000574
0.0000000582
0.0000000596
0.0000000624
0.0000000638
0.0000000652
0.0000000652
0.0000000660
0.0000000674
0.0000000681
0.0000000688
0.0000000688
0.0000000702
0.0000000702
0.0000000709
0.0000000709
0.0000000723
0.0000000738
0.0000000745
0.0000000745
0.0000000752
0.0000000752
0.0000000766
// 省略
0.9999998390
0.9999998397
0.9999998404
0.9999998411
0.9999998419
0.9999998440
0.9999998454
0.9999998468
0.9999998482
0.9999998489
0.9999998525
0.9999998539
0.9999998546
0.9999998553
0.9999998567
0.9999998603
0.9999998610
0.9999998617
0.9999998624
0.9999998631
0.9999998638
0.9999998653
0.9999998681
0.9999998695
0.9999998745
0.9999998752
0.9999998766
0.9999998773
0.9999998794
0.9999998809
0.9999998816
0.9999998823
0.9999998830
0.9999998851
0.9999998865
0.9999998879
0.9999998887
0.9999998901
0.9999998922
0.9999998929
0.9999998943
0.9999998957
0.9999998965
0.9999998979
0.9999998986
0.9999998993
0.9999999007
0.9999999036
0.9999999043
0.9999999057
0.9999999071
0.9999999085
0.9999999128
0.9999999135
0.9999999142
0.9999999163
0.9999999170
0.9999999192
0.9999999199
0.9999999213
0.9999999220
0.9999999248
0.9999999291
0.9999999305
0.9999999326
0.9999999333
0.9999999383
0.9999999390
0.9999999397
0.9999999440
0.9999999461
0.9999999468
0.9999999489
0.9999999496
0.9999999504
0.9999999518
0.9999999525
0.9999999539
0.9999999567
0.9999999582
0.9999999596
0.9999999610
0.9999999624
0.9999999638
0.9999999652
0.9999999695
0.9999999738
0.9999999773
0.9999999780
0.9999999794
0.9999999816
0.9999999858
0.9999999879
0.9999999901
0.9999999908
0.9999999915
0.9999999922
0.9999999943
0.9999999950
0.9999999993
